1.358722353028570673e+01
1.485271464551750675e+01
1.501951647462573192e+01
1.457544185975521955e+01
1.569311111626763022e+01
1.560052524690554066e+01
1.522129677772062450e+01
1.464758991528513121e+01
1.581635073984100615e+01
1.646402880790304835e+01
1.655430104974959704e+01
1.893154116832185707e+01
1.547659858759096174e+01
1.509669726207868834e+01
1.552402785461693213e+01
1.474083552559236665e+01
1.649239051595418459e+01
2.005475072219419985e+01
1.665642522199892994e+01
1.650702898045022593e+01
2.010800860482697772e+01
1.282771931968355617e+01
1.311519253133984364e+01
1.470408365059237887e+01
1.510427638662607208e+01
1.467205304155208445e+01
1.548347268591105497e+01
1.579220657893067248e+01
1.698909106844595129e+01
1.603854568719756202e+01
1.805413092943738462e+01
1.716884190362218732e+01
1.620111495249319233e+01
1.690424167149606305e+01
1.152687988406771424e+01
1.091139241145120842e+01
1.218302543498147017e+01
1.206489259078716003e+01
1.352035304352680534e+01
1.419563715531726089e+01
1.419487229232361969e+01
1.489530151631503863e+01
1.616638312482973561e+01
1.602525640023533171e+01
1.630250005749555342e+01
1.577424566978637621e+01
1.642063484475727364e+01
1.640505508043808192e+01
1.707426550857207559e+01
1.707009319583282547e+01
1.708826678980603475e+01
1.248813771352427793e+01
1.477265562692257994e+01
1.401406833758370141e+01
1.514625760815654587e+01
1.676264650105429865e+01
1.664119111301955911e+01
1.649973805541870320e+01
1.641477857565288900e+01
1.634813505018398416e+01
1.662261662568457155e+01
1.648627688014394366e+01
1.603878313740339223e+01
1.684028515008481008e+01
1.675437327766384499e+01
1.164929953496537962e+01
1.416036148686261598e+01
1.539862783693771142e+01
1.571720678059550913e+01
1.483585988019069646e+01
1.943833824306939562e+01
1.543612825873934646e+01
1.594417656160274355e+01
1.617755708022034966e+01
1.750201092825698623e+01
1.624929324282259913e+01
1.682655777160878330e+01
1.961300480941971358e+01
1.878449804361333264e+01
1.815757182386091984e+01
1.858505769830739851e+01
1.754102761979997993e+01
2.034762925870105477e+01
1.645923312991921250e+01
1.978490617631515036e+01
2.028621918059888785e+01
1.895733777227182060e+01
1.921418988810598094e+01
1.969421794364536638e+01
2.004787933962515467e+01
1.046100270280454048e+01
1.326858688964486888e+01
1.237736248987328835e+01
1.420507840675929145e+01
1.560095123565730368e+01
1.478791749249949383e+01
1.497866039422072149e+01
1.969917639766875439e+01
1.634003465049039505e+01
1.632628157909211808e+01
1.678683274286547089e+01
1.627677249437311602e+01
1.042202642894578624e+01
1.274373978991393486e+01
1.500573232394807555e+01
1.449657681051129998e+01
1.481946983455009281e+01
1.450320651080311585e+01
1.606984605201785143e+01
1.526799273045338978e+01
1.648714617575469887e+01
1.640570345059365920e+01
1.653822566509534653e+01
1.396288770534179768e+01
1.288353577461024635e+01
1.321059202542961764e+01
1.465891077724914737e+01
1.480588531124934093e+01
1.376830813791122132e+01
1.371367293008229282e+01
1.495266612080104629e+01
1.525076758190500925e+01
1.551076210646672848e+01
1.595087868650731444e+01
1.569840580312470735e+01
1.632457821422283928e+01
1.627868930340303777e+01
1.678546586665658680e+01
1.166339980489438233e+01
1.139738120034115987e+01
1.400484181478046430e+01
1.536092295790021112e+01
1.437014585340472372e+01
1.519361613104094211e+01
1.503189050113193304e+01
1.503826096362812770e+01
1.415898817221986761e+01
1.635873100082557130e+01
1.584099560957796093e+01
1.679238984291540859e+01
1.663394355119386958e+01
1.600906439993076802e+01
1.641139084579247154e+01
1.618442684104123686e+01
1.586726201720659013e+01
1.604320618536995369e+01
1.670544789003557185e+01
1.692994178921301085e+01
1.000474865009391934e+01
1.218657206108811941e+01
1.329116350370264854e+01
1.413194726865214967e+01
1.321537147276621127e+01
1.500905462269593471e+01
1.310160848354139596e+01
1.539548808930448764e+01
1.601543058413686893e+01
1.285977308538812736e+01
1.494795441473172559e+01
1.586967262949187862e+01
1.544558254106436301e+01
1.572855765185220633e+01
1.545334650687987477e+01
1.605122182392167929e+01
1.548057525788500044e+01
1.572597321112064428e+01
1.609956125790450798e+01
1.643896048732456450e+01
1.564643222519474541e+01
1.624093284734848552e+01
1.429719127819701008e+01
1.517293466990529005e+01
1.520824145098211133e+01
1.568549465425923017e+01
1.459931169295525244e+01
1.576366623862403138e+01
1.546320671700832428e+01
1.532897131068946095e+01
1.672686602406503198e+01
1.639186008207164491e+01
1.701697114599258498e+01
1.609808712886843551e+01
1.679262887856616970e+01
1.680977165721735034e+01
1.734261434982607142e+01
1.633781415891199984e+01
1.717829414680577571e+01
1.757615876148619094e+01
1.172671405742425677e+01
1.305476556743564487e+01
1.397684961743206955e+01
1.454662828185332479e+01
1.521431968345092756e+01
1.525885291984016057e+01
1.541605239831766738e+01
1.603151005064588830e+01
1.655360283573341462e+01
1.663475898694259314e+01
1.656007859362882328e+01
1.602913519999282954e+01
1.738500997896121447e+01
1.680111573531233660e+01
1.769082629188747902e+01
1.724489360567793028e+01
1.241916014935239332e+01
1.299307128320617544e+01
1.372596706137507105e+01
1.505743549364580502e+01
1.568155092687583263e+01
1.545704465305266595e+01
1.613182274301970409e+01
1.568865176778046511e+01
1.582104778471880380e+01
1.526415917535784139e+01
1.635498242986941264e+01
1.590889742253798644e+01
1.626281780899448037e+01
1.605257502146254467e+01
1.717138807425880742e+01
1.715302321999539359e+01
1.670463852043138075e+01
1.723401257093676620e+01
1.236877409672606554e+01
1.249147908633067772e+01
1.291613852707067167e+01
1.357264981494669698e+01
1.387809268302554599e+01
1.473345827172371969e+01
1.526541053638676715e+01
1.621901698548068538e+01
1.980788320400046842e+01
1.670085743576171922e+01
1.222929035544377285e+01
1.431769709141601865e+01
1.353899606081916573e+01
1.496423976268265577e+01
1.564985362022907189e+01
1.605105562815752052e+01
1.610788453004307286e+01
1.552400809207372134e+01
1.687185809045750062e+01
1.695646570315807722e+01
1.735251195965141946e+01
1.739439744511044950e+01
1.737713014575981063e+01
1.777219689911328615e+01
1.731238451680493640e+01
9.341480324232282584e+00
1.077673821124689013e+01
1.414604135125899553e+01
1.382681227109567601e+01
1.457248524237483167e+01
1.464055283186079670e+01
1.454997975378583774e+01
1.587896524307390322e+01
1.568753381116374968e+01
1.564482804116977377e+01
1.656640637487228318e+01
1.558897710126001357e+01
1.692106133919492095e+01
1.698718187412261216e+01
1.627272577624173522e+01
1.708022551838414671e+01
1.718391727755890486e+01
1.604315242906820771e+01
1.707408819271526212e+01
1.625882284349574292e+01
1.211601664546254042e+01
1.546962075350321442e+01
1.432225539134876158e+01
1.550450889728260151e+01
1.573778998032096688e+01
1.603496257429421235e+01
1.576516684595939566e+01
1.592540309713535862e+01
1.621706182223874748e+01
1.704643353794534733e+01
1.654720079043338643e+01
1.735553101108759932e+01
1.712357803895451269e+01
1.715868733189665107e+01
1.250841815256814726e+01
1.462192614137521929e+01
1.532659420009455609e+01
1.451158982051761015e+01
1.456909199066853589e+01
1.612445705148961039e+01
1.663320555624115116e+01
1.640459143134108899e+01
1.570978962243250976e+01
1.795635753661032652e+01
1.712327381968443163e+01
1.182743044381047781e+01
1.430055701875322605e+01
1.448470362075410023e+01
1.521352804541033699e+01
1.528512895575800457e+01
1.584303681900457050e+01
1.643807022010337704e+01
1.693625369311561712e+01
1.168011234571087087e+01
1.245883414744017159e+01
1.413081088931510720e+01
1.366490541386674629e+01
1.540517461138830413e+01
1.572683018825975054e+01
1.554957413405314348e+01
1.616140871692005732e+01
1.578488564006067207e+01
1.597881528202948331e+01
1.741027394432940056e+01
1.687221099743149466e+01
1.727654389512993305e+01
1.729434737809775413e+01
1.143867209446930211e+01
1.285479748628914898e+01
1.449309556556984546e+01
1.355826908387748730e+01
1.377631275448334591e+01
1.522066714880405769e+01
1.483067587634854689e+01
1.558278467872234430e+01
1.502733505264614067e+01
1.552619663664269822e+01
1.616404435833452879e+01
1.574199305375647562e+01
1.661296264152182545e+01
1.634173784829722820e+01
1.716190868761909627e+01
1.742135633139936601e+01
1.214990019606980987e+01
1.318887730747913700e+01
1.385448545164349454e+01
1.394892197675272705e+01
1.425488971940060878e+01
1.344965231176313658e+01
1.364132405828435246e+01
1.491092861124736757e+01
1.530808856226483350e+01
1.548037491116549091e+01
1.539510985620781724e+01
1.621050188860592556e+01
1.593607331415310213e+01
1.579836790006900671e+01
1.760140183282027948e+01
1.533273581135669339e+01
1.676229942730765643e+01
1.686788565077155511e+01
1.701955766077828969e+01
1.711691906545379993e+01
1.294255450017312725e+01
1.256401433141689772e+01
1.372625997230923467e+01
1.354393492551294997e+01
1.523360561197649332e+01
1.594708020709708052e+01
1.554873988131425300e+01
1.565171836030023123e+01
1.566218581090148732e+01
1.677525637555630666e+01
1.603602260528356993e+01
1.654964101110405039e+01
1.641082367059670233e+01
1.668655151216865917e+01
1.660366844995196800e+01
1.671566930645094828e+01
1.633680830321996780e+01
1.271437292786959716e+01
1.483108982774114182e+01
1.474099830931456268e+01
1.603729251600442751e+01
1.558277059377571661e+01
1.656298478102496574e+01
1.643823610385623724e+01
1.716790501949560621e+01
1.630890941761680324e+01
1.625678657793348236e+01
1.738383679286081218e+01
1.734102914265345774e+01
1.699621735883882678e+01
1.739499462830537624e+01
1.638441561098214549e+01
1.444480581547733777e+01
1.549790359201715617e+01
1.617268827909349582e+01
1.628678885356085715e+01
1.680295891976096101e+01
1.709602779249907911e+01
1.821481933949571186e+01
1.742595824560765294e+01
1.746592010171843867e+01
1.756208979720498320e+01
1.748699798683827566e+01
1.762755299056174607e+01
1.375413178701407979e+01
1.380085477559534191e+01
1.347819322911762896e+01
1.461546093581203820e+01
1.504809124643958995e+01
1.628826259536377918e+01
1.502701288453453188e+01
1.620338068185487401e+01
1.604324642856816041e+01
1.705138411695011413e+01
1.678478154090251451e+01
1.728210716305767036e+01
1.661742052957131222e+01
1.732506749625045472e+01
1.684816818900370095e+01
1.751872181122281447e+01
1.808008174840267657e+01
1.732927050131591074e+01
1.314899905601890850e+01
1.326399297009390210e+01
1.455191275546994589e+01
1.512091622589197826e+01
1.602710543419063427e+01
1.582234269311637398e+01
1.467801900350788813e+01
1.453367003555884551e+01
1.426587321818357879e+01
1.398222195321725891e+01
1.638053972451638529e+01
1.703153402478831424e+01
1.067364268394916138e+01
1.566775260286480353e+01
1.622097451469064566e+01
1.576359951751614474e+01
1.552622189364496386e+01
1.606274710200562339e+01
1.716409419587299112e+01
1.129690949655823395e+01
1.247777764526052735e+01
1.320347684779778241e+01
1.279775282520580504e+01
1.421431695593822297e+01
1.487120867327555196e+01
1.434054966282775290e+01
1.435265647592192551e+01
1.554060221497972982e+01
1.493951796207791105e+01
1.576059707772263430e+01
1.553973159655761727e+01
1.617254902424314622e+01
1.602153825090578465e+01
1.599425699553831315e+01
1.624550402780165825e+01
1.625044334618478814e+01
1.656337379406814136e+01
1.316873945937329182e+01
1.372731753044903691e+01
1.375678954282946620e+01
1.467624121867204323e+01
1.461901989419478909e+01
1.498716377310336689e+01
1.547304438469873311e+01
1.635756292309228144e+01
1.638990106010965775e+01
1.638546611028063893e+01
1.670813210620151779e+01
1.648095222263317794e+01
1.695871880299603518e+01
1.725788510251230434e+01
1.624963019508733808e+01
1.612844657175313756e+01
1.614875792523724130e+01
1.686108321369912488e+01
9.418963696195143953e+00
1.432450715337117941e+01
1.447423216410501290e+01
1.563562175650170616e+01
1.685964633376647015e+01
1.706062117278082724e+01
1.734810090581518693e+01
1.739197268686934450e+01
1.002221387756871174e+01
1.130882047628828246e+01
1.225436591728630553e+01
1.352343433107728998e+01
1.444367393059165394e+01
1.400033177270638163e+01
1.492753306545772318e+01
1.524650217046655953e+01
1.559969297998868498e+01
1.602379552087536752e+01
1.610386191485883245e+01
1.665803454110708515e+01
1.670306664479770475e+01
1.670941029273642187e+01
1.403614569564301107e+01
1.451258422117489211e+01
1.499982668942295128e+01
1.478101500991176565e+01
1.601734501679221978e+01
1.522620694164105970e+01
1.549465681449072108e+01
1.685406897719895625e+01
1.665776215457768217e+01
1.717245319872219866e+01
1.608480411531716925e+01
1.680493871973389020e+01
1.670107747599673331e+01
1.751225939473748028e+01
1.396879126962621065e+01
1.441875282210489040e+01
1.482131585349971559e+01
1.607707088468272616e+01
1.576093281483807651e+01
1.625091091876116423e+01
1.652647093642781684e+01
1.497075234929310739e+01
1.553580567602910278e+01
1.612425020620963068e+01
1.630632688374887351e+01
1.676861531882991585e+01
1.614149215518357394e+01
1.722979759761151541e+01
1.722349525880857968e+01
1.738250961155839036e+01
1.756564642452045888e+01
1.745285748271757242e+01
1.339171131026483863e+01
1.486731950988214734e+01
1.489609497160584439e+01
1.517337428646229114e+01
1.570642800596268351e+01
1.755747713393752463e+01
1.648799050761036966e+01
1.583536711471972147e+01
1.721766886106168215e+01
1.742096712833596328e+01
1.739225015178086409e+01
1.810446553514977097e+01
1.724275075260783652e+01
1.790907537886091205e+01
1.751277336334671375e+01
1.910832898707992200e+01
1.064528081195985010e+01
1.136631761846505917e+01
1.241067705369427188e+01
1.423321454630394456e+01
1.410353706621762981e+01
1.765443632681591879e+01
1.572130343699415356e+01
1.573956171595446207e+01
1.540098810132266571e+01
1.584779424622018240e+01
1.562182499461021834e+01
1.595442311157462889e+01
1.642346858706210355e+01
1.651362575085008544e+01
1.655728107296736340e+01
1.637923534618469290e+01
1.719656536617366527e+01
1.665486331659485586e+01
1.662654425938486824e+01
7.982797089257253731e+00
1.209190231717880692e+01
1.316564359224787140e+01
1.266163105313070147e+01
1.384755292287436390e+01
1.566184581673475407e+01
1.487993891129231727e+01
1.455636691369760349e+01
1.510546835909444852e+01
1.505553451337887871e+01
1.574316536728965232e+01
1.594409751118574903e+01
1.592790926705523091e+01
1.413573862869322895e+01
1.438332457506078832e+01
1.574149609236131653e+01
1.614005398037290462e+01
1.678274072247803161e+01
1.680900666822129708e+01
1.692980040581672085e+01
1.651465622838696135e+01
1.690285821372400932e+01
1.655651286524000199e+01
1.265937388971748057e+01
1.316955799159686791e+01
1.420071096313418657e+01
1.495774067995495216e+01
1.489493407139567438e+01
1.589087895368346359e+01
1.528288154760377715e+01
1.629265121302697139e+01
1.536001295815609780e+01
1.619397777312227049e+01
1.638672733169670437e+01
1.681596001562979836e+01
1.715177662158161809e+01
1.654105515638971724e+01
1.506475814183789730e+01
1.485636863460637436e+01
1.620306749424766934e+01
1.905661905835755832e+01
1.646049404189272991e+01
1.597436437590133629e+01
1.734240805287934961e+01
1.560960694300967511e+01
1.698562579686045737e+01
1.419703695557378964e+01
1.496564754939578989e+01
1.540465332951862010e+01
1.459090883592140386e+01
1.472034574450063715e+01
1.678240642670914795e+01
1.639839816156558783e+01
1.649486464205397596e+01
1.594836906847354463e+01
1.647668460013037972e+01
1.710951647146089627e+01
1.666266854427863109e+01
1.725282991991890569e+01
1.732739928489632319e+01
1.736279269933250191e+01
9.613927041173591093e+00
1.093941122577401437e+01
1.408555274178597472e+01
1.405177819991451571e+01
1.528548636245596093e+01
1.577743401921423683e+01
1.560988671885082191e+01
1.541027387833251616e+01
1.577471865880655244e+01
1.602595937048798902e+01
1.563993763308854312e+01
1.602775173825154553e+01
1.471300777928418313e+01
1.676702990312402264e+01
1.561953098412985419e+01
1.725988362992011105e+01
1.478456564579805033e+01
1.512547445781449795e+01
1.619227692552296105e+01
1.682310196178204720e+01
1.584933411953455007e+01
1.705559659602753797e+01
1.727891725523603128e+01
1.696766535021765065e+01
1.669824029917639052e+01
1.720284935513928914e+01
1.746224788625577773e+01
1.679278807714349142e+01
1.719240246653836124e+01
1.744017314256264228e+01
1.748634998227174719e+01
1.722070861027500044e+01
1.719525057220964470e+01
1.748882092264466337e+01
1.257885970710337276e+01
1.189495874976045187e+01
1.399555560175695845e+01
1.521461972888794634e+01
1.427932120570037000e+01
1.561624397394739638e+01
1.547207344555375919e+01
1.619813158121653629e+01
1.680075491956130662e+01
1.724121592796932845e+01
1.681802752845067417e+01
1.746929621932878973e+01
1.669788462242876648e+01
1.732207727441022271e+01
1.024029908904696740e+01
1.194373265334911949e+01
1.511271358124912823e+01
1.533581937078588453e+01
1.597799457224112096e+01
1.647536074359403813e+01
1.649047981248416050e+01
1.640919608120556816e+01
1.660883617217717045e+01
1.601763395132945433e+01
1.710416910693048465e+01
1.781322327253437621e+01
1.782871990398709272e+01
1.713662076465980277e+01
1.760681928874814517e+01
1.264864574537280717e+01
1.365918582999856135e+01
1.453984604535462566e+01
1.480178889275918230e+01
1.551222799212248482e+01
1.489696968199796068e+01
1.597798030092581634e+01
1.542317063661703713e+01
1.581549170103006041e+01
1.712612294134994073e+01
1.699019066972129366e+01
1.635649202740070507e+01
1.702084876244650502e+01
1.641434702226361608e+01
1.614488022955885782e+01
1.738055555728245238e+01
1.722205213983936289e+01
1.697079524364080783e+01
1.732616035865933313e+01
1.657943180373133885e+01
1.740699124270793163e+01
1.742451994141829630e+01
1.311823722035851780e+01
1.356101094822959929e+01
1.248295063302692753e+01
1.505375402749211666e+01
1.411261690358927545e+01
1.412647851384500974e+01
1.422170072481957348e+01
1.459133638805526267e+01
1.589323784275928553e+01
1.510362645774001145e+01
1.563262092674235681e+01
1.601904910264175186e+01
1.561645809203029422e+01
1.603474226736145170e+01
1.606427053244217618e+01
1.756482421856406617e+01
1.686116656669712910e+01
1.640354429522267310e+01
1.699296133171575818e+01
1.695650610425636984e+01
1.714394066761835234e+01
1.716551366763193442e+01
1.773546515857907480e+01
1.705653561203386914e+01
1.654463320682086902e+01
1.730481181706733196e+01
1.347193598622512845e+01
1.375481774851089511e+01
1.389650138616370434e+01
1.463230854978086271e+01
1.493297917114123230e+01
1.527174918989603114e+01
1.501678581684455338e+01
1.606833421880691049e+01
1.577503551707396134e+01
1.572882654163762162e+01
1.560795130232950179e+01
1.668511955813213632e+01
1.632536587478931622e+01
1.627389519895571368e+01
1.720679984397168383e+01
1.630879611611300106e+01
1.758147719207426007e+01
1.720029292224977979e+01
1.775013429520770813e+01
1.478482862572743173e+01
1.503469713896479121e+01
1.396640091417086005e+01
1.481568221179203881e+01
1.538140454251935019e+01
1.554645741152554983e+01
1.468050961965812640e+01
1.526119889042124811e+01
1.673252532245727053e+01
1.621356860295676228e+01
1.455267340874066306e+01
1.606300864822892649e+01
1.685968397993904944e+01
1.657692292494672159e+01
1.645830543229482856e+01
1.640582375509795554e+01
1.548545966082950009e+01
1.795554035576478213e+01
1.433270613412809347e+01
1.528693889424708985e+01
1.472736529400631866e+01
1.552320153559484339e+01
1.616725614672334999e+01
1.720636202579875018e+01
1.631905593632142271e+01
1.561531319250125449e+01
1.558481083333885131e+01
1.627806406220322444e+01
1.637201947168930261e+01
1.711768527927540617e+01
1.655663031324502299e+01
1.728180661628019266e+01
9.337785246508147452e+00
1.046950515758870992e+01
1.394670449540667256e+01
1.497142481130737934e+01
1.599845751630806312e+01
1.632331837438221100e+01
1.596350983842972582e+01
1.743258694423009558e+01
1.641553143545699811e+01
1.666381603567274183e+01
1.671675570215829509e+01
1.621220962169365976e+01
1.610351501430409016e+01
1.625549641187085825e+01
1.704230336940412016e+01
1.699882179167581242e+01
1.767800514374195942e+01
9.804959435725795203e+00
1.127389232381196038e+01
1.208580632650335751e+01
1.338979172431318965e+01
1.511777413189846264e+01
1.552334153212006385e+01
1.489195524163856632e+01
1.592702927695194148e+01
1.551030191112660361e+01
1.582471195796686558e+01
1.654083992806332404e+01
1.651989011683973274e+01
1.601699345460752255e+01
1.673776740670184537e+01
1.701905400243965971e+01
1.727404355874288200e+01
1.721491292847948174e+01
1.814108474236065049e+01
1.796866377115654245e+01
1.202480480758701553e+01
1.374004803363717997e+01
1.380829969171285398e+01
1.420654828544125081e+01
1.413162484418599263e+01
1.449828783656936615e+01
1.447468502093845011e+01
1.588640752177668070e+01
1.531673610566045163e+01
1.530939944613457548e+01
1.531677609114672300e+01
1.697313659638099281e+01
1.629810597270439843e+01
1.708413400645975244e+01
1.713353307134968873e+01
1.616310701620604107e+01
1.813353705166131036e+01
1.749640035437983698e+01
1.197136826299000134e+01
1.361207892940510966e+01
1.457404151975867634e+01
1.531944589152561065e+01
1.513786322780304872e+01
1.591617286585519686e+01
1.618653571173194194e+01
1.686817877546697986e+01
1.707301277499961145e+01
1.651178724385380292e+01
1.680444447560754639e+01
1.698520036287284540e+01
1.694145946075705567e+01
1.732050362696320178e+01
1.727192045628256523e+01
1.732218996461744354e+01
1.733839180992872286e+01
1.751077069254484186e+01
1.728290921330504659e+01
1.244305534966365556e+01
1.409750763303098431e+01
1.484097875259578103e+01
1.512210140573513151e+01
1.515029815027277138e+01
1.754073535679339457e+01
1.651094740837562114e+01
1.667841645764755043e+01
1.684356564430635927e+01
1.723358735394570473e+01
1.638862883902597289e+01
1.720524397172296105e+01
1.738626623696772810e+01
1.670293039255474810e+01
1.763761362988959647e+01
1.764983599644723355e+01
1.785481798412650534e+01
1.336752745788635011e+01
1.495851465682640224e+01
1.460310263237617967e+01
1.437353072352165917e+01
1.549863405713928621e+01
1.529168089923092033e+01
1.560699952157754566e+01
1.612707852356573568e+01
1.601245546510026685e+01
1.674111248159374554e+01
1.718236638286671081e+01
1.650411585749866816e+01
1.653212107521707708e+01
1.681731272287672496e+01
1.741568286965023660e+01
1.777792967393161661e+01
1.720970087071642496e+01
1.659136902129771585e+01
1.720449884510530580e+01
1.669584764475155580e+01
1.700111557083171476e+01
1.795303102359361347e+01
1.728675692082997273e+01
1.740253334262030549e+01
1.284433942927291561e+01
1.275587990768819324e+01
1.261226667693060577e+01
1.353645647280849396e+01
1.510153908847418514e+01
1.469893522471275560e+01
1.605913148913044353e+01
1.508431364622687454e+01
1.589721699534566568e+01
1.612795861722576163e+01
1.590183026469654237e+01
1.652202683362914115e+01
1.593467543889972227e+01
1.717990442128421691e+01
1.696249945014346139e+01
1.725611591576079817e+01
8.071176710349583061e+00
1.352641870399127022e+01
1.373777228686223850e+01
1.433062540506548288e+01
1.493186373717821702e+01
1.528678281198415867e+01
1.552089992357728754e+01
1.656570630458750060e+01
1.689003987631231141e+01
1.643351568688639475e+01
1.714771226603516041e+01
1.709119296212983841e+01
1.630388796569848253e+01
1.652775271549075597e+01
1.703944376791495330e+01
1.665854829939870996e+01
1.728564975288752237e+01
1.113178468348826300e+01
1.182702906288084144e+01
1.392587603541768893e+01
1.461063884570620530e+01
1.551959816588883712e+01
1.493449762024660110e+01
1.590947824164320679e+01
1.587413772674879020e+01
1.644590099079309198e+01
1.597236173323237907e+01
1.561714322960376222e+01
1.640906141401832485e+01
1.691088252492857791e+01
1.675114992543623060e+01
1.606726185663897155e+01
1.632753365457600836e+01
1.303648050603969644e+01
1.337078160195930465e+01
1.359761679447738381e+01
1.465018146149518863e+01
1.393230261020736904e+01
1.619003448301646486e+01
1.618877931177316043e+01
1.582448056873494302e+01
1.646834609628336565e+01
1.683399771809523315e+01
1.170090479429799757e+01
1.323879281888243042e+01
1.337195645300288227e+01
1.544356581370532133e+01
1.477981703459024665e+01
1.566740419249160077e+01
1.641199083929374325e+01
1.601126282593866890e+01
1.636536666315835475e+01
1.651989632140615427e+01
1.666586974609863958e+01
1.594182784186722301e+01
1.826730913909441512e+01
1.731559381378492901e+01
1.737245945104766776e+01
1.738964378506823749e+01
1.250124199515440893e+01
1.321048496938278838e+01
1.428816114443628393e+01
1.473585512424677546e+01
1.512903704034617292e+01
1.472980696647210408e+01
1.562383319027986062e+01
1.613137214982000955e+01
1.712711778036614518e+01
1.543113474734844281e+01
1.598961712184704353e+01
1.603822932672038348e+01
1.664572488540705208e+01
1.627710368151240061e+01
1.653987096656776146e+01
1.648361440121302834e+01
1.719448600233232582e+01
1.773371663030765433e+01
1.715657629771168757e+01
1.716014577890050674e+01
1.729261354969426989e+01
1.719693578760367814e+01
1.630490637013466326e+01
1.059171497687674268e+01
1.175132453667242594e+01
1.103633300568945330e+01
1.341700630150539730e+01
1.521989327614984511e+01
1.362059215994097450e+01
1.527069257585580964e+01
1.432127366905367083e+01
1.502843097376862325e+01
1.435359582882216323e+01
1.494285434639623134e+01
1.588181203014551990e+01
1.599267362985598773e+01
1.625266066932454478e+01
1.573704915587834030e+01
1.771603667672107818e+01
1.706982844046137870e+01
1.686672937943270512e+01
1.660727296136537490e+01
1.594847908342503651e+01
1.661724141849208536e+01
1.728156221893251043e+01
1.732237195155230580e+01
1.658414562919123370e+01
1.194146371084435287e+01
1.301043040186222299e+01
1.290612808783705034e+01
1.391200392324779855e+01
1.381468590173219013e+01
1.445280531384699074e+01
1.472541705539132373e+01
1.490509341862078330e+01
1.609449136776969169e+01
1.629548900562274838e+01
1.650527986849773399e+01
1.569583433317718324e+01
1.707869096665491071e+01
1.709150128833054083e+01
1.259533570397939073e+01
1.313629385311145015e+01
1.404180640467578733e+01
1.449421385430462550e+01
1.493330488088962049e+01
1.536689871288284159e+01
1.597186360863221033e+01
1.621540772235985628e+01
1.623655173654004358e+01
1.540073310977132692e+01
1.685151880963929827e+01
1.683252481244490539e+01
1.687140827421931277e+01
1.710971925741166899e+01
1.725745012757165853e+01
1.148115858849012660e+01
1.449543784696253823e+01
1.374638180433423607e+01
1.484698842243210670e+01
1.507589031123767676e+01
1.528842492790314189e+01
1.618889355897710658e+01
1.678308332026810490e+01
1.684076212779470438e+01
1.695170426825452026e+01
1.658102811489647976e+01
1.707031152926014173e+01
1.720850873456375041e+01
1.698447908884205759e+01
1.703052328799959270e+01
1.727401459631593639e+01
1.668784622565860332e+01
1.400812482902056644e+01
1.412050249042319550e+01
1.384218346662602528e+01
1.497617106331603054e+01
1.372210240605517662e+01
1.473246615093980694e+01
1.505801873452632478e+01
1.537779333875717391e+01
1.668069703047419239e+01
1.641938242063514508e+01
1.667791718678924440e+01
1.619634559837150434e+01
1.628205998270244237e+01
1.800654384858582446e+01
1.663634230889134002e+01
1.693101932027983025e+01
1.676291888870164115e+01
1.706390749533091622e+01
1.697540914096349240e+01
1.663510282820627850e+01
1.689986307077677807e+01
1.680731665450990775e+01
1.782838477541074695e+01
1.694584174422207568e+01
1.219083290479189507e+01
1.326721120104965124e+01
1.307847862536839578e+01
1.404032726531640840e+01
1.459698107425578861e+01
1.448967511595850333e+01
1.526281628660309764e+01
1.496279930370378253e+01
1.482826483320663158e+01
1.574890494315909351e+01
1.504871077264763457e+01
1.579605674158010764e+01
1.598978727453599724e+01
1.601888054245448956e+01
1.610697019841387245e+01
1.574810476985571484e+01
1.784415186197364278e+01
1.659278135883443639e+01
1.601099736256794870e+01
1.657800891982334690e+01
1.725425984315742056e+01
1.685903820396213604e+01
1.684269927745587481e+01
1.653891014842772478e+01
1.305725471097645496e+01
1.583712963675100127e+01
1.677474420648148623e+01
1.552565368667735690e+01
1.620943920968019825e+01
1.628434455444904927e+01
1.612673304217991443e+01
1.679950211545610728e+01
1.736528066522551939e+01
1.714505867494423086e+01
1.712213837624998547e+01
1.719707871664355636e+01
1.721972154597363414e+01
1.271966842550414256e+01
1.391716193362341869e+01
1.413298525427185304e+01
1.364855043170001281e+01
1.556895598852214135e+01
1.587225514636318024e+01
1.617773176201427532e+01
1.703769834208889478e+01
1.633968455996108560e+01
1.370257517344009202e+01
1.347293276576014698e+01
1.405924475099884674e+01
1.429590352232867012e+01
1.532242498855454826e+01
1.450244045514080149e+01
1.486562784042281393e+01
1.586473980787140725e+01
1.525093731147116038e+01
1.598453827256270188e+01
1.509269996461714314e+01
1.560865055010591895e+01
1.578013565645413685e+01
1.635816752878833569e+01
1.766340989479309442e+01
1.660558518497847302e+01
1.656830807946049333e+01
1.649771393827090904e+01
1.725464166565107504e+01
1.748178242167646346e+01
1.304261595492433123e+01
1.386795224484947830e+01
1.451317389705521244e+01
1.521334399307629681e+01
1.598953425801015449e+01
1.588563373158433834e+01
1.626260497861356669e+01
1.574584606075694282e+01
1.655473994915807623e+01
1.691236961284478468e+01
1.695216904281326720e+01
1.606410234595436037e+01
1.630050042240856811e+01
1.689871680253128972e+01
1.718622406412267622e+01
1.669949803978828839e+01
1.736636685207560760e+01
1.733549585282172956e+01
1.747176296692884279e+01
1.094334496738801654e+01
1.296401008842413205e+01
1.461091020930588513e+01
1.358214099449333290e+01
1.458916360427716263e+01
1.538794821547238278e+01
1.594639043191534711e+01
1.560438801868286873e+01
1.636818570940346618e+01
1.672253798256265966e+01
1.684826539150355273e+01
1.715834555803749595e+01
1.716207837577156070e+01
1.717592363711017001e+01
1.683730226451202583e+01
1.673472011425878847e+01
1.698086339075897655e+01
1.737165785496796389e+01
1.709795556352565882e+01
1.775619141909085030e+01
1.365917671236176112e+01
1.336245639507014182e+01
1.617871348690820099e+01
1.675426870588964334e+01
1.620546561969409893e+01
1.652508353774117822e+01
9.803587070570586093e+00
1.079294086600155822e+01
1.343967124601055652e+01
1.610645505083061835e+01
1.534803858291553702e+01
1.203963468245391510e+01
1.570253661354327335e+01
1.499042732582980797e+01
1.637080544619895051e+01
1.580337964910165915e+01
1.641784170634651474e+01
1.619835507922343254e+01
1.671124274548239796e+01
1.209748203467080785e+01
1.278700189001702014e+01
1.382033229450860645e+01
1.325283422519070164e+01
1.435093649230480217e+01
1.523327190878230297e+01
1.523095470087967485e+01
1.564262487400770674e+01
1.534629311506489380e+01
1.591698184602530297e+01
1.547352454760429552e+01
1.595127754711126933e+01
1.518460543894356007e+01
1.605075757390342162e+01
1.593995951739707095e+01
1.608341344392756156e+01
1.623267774410062003e+01
1.583443743265440773e+01
1.714607618211978846e+01
1.707343967327926748e+01
1.616939713536651624e+01
1.902296182992238727e+01
1.711291488709591846e+01
1.731768339224306885e+01
1.730016745994445415e+01
1.788075060759216939e+01
1.674959314123383791e+01
1.794581852650849640e+01
1.116782597315817860e+01
1.381323076361103475e+01
1.325828355685989735e+01
1.502769823030446972e+01
1.355707213817242618e+01
1.594583856094386931e+01
1.639583776863332432e+01
1.616494578746055311e+01
1.587715360496028794e+01
1.630921717843516916e+01
1.786368159436507241e+01
1.749151598329409651e+01
1.664350938541115710e+01
1.681618216890155537e+01
1.669862219042317975e+01
1.693190039860680685e+01
1.797131206705262230e+01
1.428355482237795471e+01
1.726524709142904968e+01
9.698795047420109228e+00
1.146774580827033674e+01
1.263388397853639944e+01
1.459744850086203272e+01
1.411722001942496263e+01
1.501630711130373186e+01
1.516990546259706818e+01
1.512363594776067544e+01
1.431236107483951869e+01
1.532202326126344083e+01
1.475163051994256236e+01
1.568691346378881768e+01
1.634367790507404550e+01
1.654687125598499620e+01
1.648481530230545644e+01
1.605680235363274377e+01
1.717272541600321034e+01
1.723796336500412707e+01
1.640911942936404699e+01
1.677795757857301595e+01
1.753706896806630766e+01
1.699098785411040780e+01
1.457667207342703541e+01
1.539144938080527858e+01
1.577267477544267393e+01
1.532986154976933690e+01
1.601900878331004563e+01
1.643280456575718773e+01
1.679347993140802942e+01
1.633553394341414133e+01
1.708903135319029687e+01
1.935258871162280059e+01
1.711010533321003635e+01
1.722726524425543104e+01
1.840872911330598072e+01
1.837998904455113802e+01
1.804817557156049901e+01
1.045526637478111454e+01
1.172514107576368048e+01
1.188087138541175136e+01
1.248686080567929402e+01
1.527911880744512629e+01
1.617152532128095643e+01
1.630873981930082550e+01
1.635162704472282513e+01
1.627249814215912949e+01
1.718855425416222360e+01
1.710008523049226170e+01
1.723461920660025726e+01
1.739044424154710100e+01
1.697349895730202363e+01
1.622604299162825470e+01
1.733101186334301502e+01
1.093188197505810066e+01
1.294366066683339156e+01
1.540680766312553551e+01
1.462813382288694442e+01
1.450162267778073932e+01
1.476995414548491858e+01
1.560119476716777243e+01
1.440225303143508739e+01
1.563999376928304130e+01
1.635279872775269183e+01
1.499477177817536955e+01
1.619664724058023353e+01
1.616199567856295971e+01
1.576032021468606636e+01
1.619469351447945371e+01
1.708804874667203322e+01
1.716390114796232425e+01
1.684441052705615149e+01
1.745864233656089937e+01
9.920960577674829750e+00
1.223310841048511399e+01
1.498567502554582731e+01
1.529225188291021098e+01
1.578837445046278987e+01
1.560057286163697299e+01
1.578772028164497243e+01
1.535668144495197929e+01
1.563638031791231242e+01
1.606820733093788789e+01
1.622227973169947646e+01
1.698683742139867547e+01
1.609963712373617284e+01
1.692698939707763373e+01
1.700616489819462984e+01
1.665470586274431497e+01
1.651801927038858864e+01
1.681186288537556095e+01
1.773229652727107464e+01
1.734626339390845118e+01
1.782307901964335173e+01
1.293434668186079506e+01
1.313726635086228711e+01
1.573239636414657916e+01
1.541142637209621391e+01
1.528377993343956298e+01
1.618302805273091849e+01
1.618082645658204655e+01
1.666733267947989461e+01
1.708923008677627564e+01
1.744339994915225844e+01
1.664518588382123809e+01
1.677992368798454947e+01
1.687911707665429972e+01
1.666500871656949556e+01
1.712134043637906444e+01
1.790960010634922384e+01
1.655459267237399246e+01
1.232080406732838007e+01
1.378090626711328248e+01
1.486008985250324699e+01
1.499269119262146788e+01
1.480164461763109074e+01
1.604655433339157611e+01
1.595051491004603506e+01
1.553721933777160302e+01
1.622579564535622865e+01
1.568441420748911952e+01
1.554461987995856553e+01
1.656916922024124617e+01
1.780813602282236019e+01
1.720116632286156033e+01
1.687239082243699784e+01
1.712113055968414699e+01
1.289436341643286710e+01
1.238844687114681697e+01
1.375489048412777038e+01
1.515019183190328356e+01
1.539756743739219580e+01
1.598535819161213389e+01
1.600244480384047563e+01
1.510294672748439027e+01
1.453266295371448003e+01
1.632557705188745345e+01
1.647792431895107157e+01
1.689218909696003124e+01
1.694816380681900370e+01
1.618532363519586426e+01
1.794831336339582961e+01
1.686822798967736148e+01
1.730033255304436324e+01
1.741811637844498506e+01
1.391115878146094431e+01
1.486083157835647484e+01
1.531043324504326009e+01
1.564753529910993457e+01
1.623650934391747214e+01
1.692124597415586962e+01
1.674868908411438184e+01
1.651376960310650333e+01
1.697982856220182413e+01
1.728583347906057455e+01
1.732647907377000962e+01
1.817154280088889351e+01
1.675417083768529025e+01
1.746478991785387080e+01
1.760391127357809182e+01
1.233237225803327952e+01
1.248258858722038944e+01
1.353234266768784089e+01
1.483837870356579813e+01
1.455843041037225483e+01
1.388355997475741610e+01
1.524457074678472246e+01
1.535382294560174010e+01
1.612523075962737096e+01
1.523336971110461135e+01
1.638358250799955584e+01
1.626953562358568206e+01
1.532321074752425183e+01
1.632343391961473245e+01
1.698781677490325137e+01
1.607945189327446656e+01
1.609259217640537898e+01
1.778145581842280620e+01
1.712687599524219451e+01
1.636654702545407147e+01
8.012790816901208757e+00
1.528549889206157886e+01
1.238947123860333654e+01
1.627286572791519603e+01
1.244416793149042633e+01
1.472973765578862881e+01
1.466589724596912880e+01
1.481640065522119620e+01
1.607900791143086394e+01
1.581771203565974915e+01
1.686299826996166829e+01
1.000660307907245361e+01
1.466624953979161639e+01
1.612537175490644614e+01
1.641027934899689456e+01
1.647688370112799205e+01
1.694694705753443742e+01
1.664076894894886038e+01
1.675081821470340415e+01
8.247338280309286063e+00
1.176883523127303199e+01
1.248397186016444316e+01
1.261379655587160009e+01
1.257602106208167925e+01
1.403312667433289640e+01
1.375861081524365659e+01
1.306782163675323005e+01
1.585256668938924918e+01
1.505177422254608643e+01
1.598915278411156926e+01
1.711619736794266800e+01
1.527681678327004633e+01
1.567884741406544791e+01
1.555864864298321137e+01
1.720352671209189310e+01
1.718124213203415351e+01
1.682559320335959185e+01
1.712670503198167893e+01
1.240428502386329868e+01
1.323853155133906867e+01
1.678158681576113054e+01
1.668658456116322242e+01
1.701762837905512527e+01
1.630338439392713568e+01
1.690905124101973911e+01
1.618833237398022362e+01
1.653425173878460441e+01
1.619410235732450332e+01
1.755232222481418347e+01
1.746356591346354037e+01
1.693105561920641833e+01
1.720409357549806373e+01
1.815723882610725326e+01
1.753142596896515570e+01
1.756535698552826119e+01
1.835422625299936783e+01
1.441387253971939231e+01
1.424527784626062754e+01
1.460332895111305795e+01
1.605408184467226818e+01
1.716187345576028633e+01
1.736782940327019276e+01
1.724196822485219371e+01
1.743868564069419591e+01
1.728533753614955515e+01
1.853351014820594145e+01
1.878603768434707888e+01
1.390661662415622324e+01
1.401712747800219461e+01
1.491442379452360001e+01
1.528734564333266199e+01
1.467113737290702247e+01
1.527694194245308879e+01
1.574642319604594576e+01
1.691118324771140635e+01
1.651861849419504580e+01
1.597400680767225722e+01
1.638096034875069762e+01
1.591306024774652528e+01
1.737011892778773969e+01
1.824401826586229802e+01
8.612607829865201126e+00
1.408248940805091109e+01
1.475825687765097527e+01
1.595428577524644709e+01
1.626781422557941781e+01
1.659863168326297611e+01
1.654070233842407234e+01
1.704768418071789426e+01
1.687048462933778126e+01
1.727423625296597720e+01
1.726864397038856325e+01
1.748699504128158111e+01
1.760299610650542235e+01
1.815659791930220024e+01
1.511738142084546688e+01
1.575362561447110821e+01
1.481797757985467001e+01
1.538580076280817543e+01
1.549051356230964771e+01
1.694608624481221071e+01
1.638278750756092705e+01
1.713223417204924459e+01
1.720133705994413731e+01
1.710099149571349386e+01
1.731955553553623162e+01
1.721772430007443688e+01
1.625600569562361741e+01
1.768518397563645550e+01
1.736146541331066828e+01
1.676747823249450420e+01
1.742730389774224165e+01
1.784178407956919088e+01
1.345169869049632538e+01
1.427467835364945969e+01
1.345440597017464057e+01
1.480904526456476944e+01
1.496261047113013198e+01
1.486103394456676696e+01
1.529018193499242884e+01
1.583749308637127129e+01
1.617583358331958365e+01
1.584131071147014680e+01
1.655381640278555011e+01
1.582163056628980691e+01
1.694448405924102374e+01
1.663708886069489523e+01
1.735144067664715450e+01
1.716187631789764367e+01
1.745222824825960828e+01
1.750470687062036035e+01
1.409922028640581715e+01
1.451857521980080179e+01
1.548450295301822521e+01
1.574387486012442849e+01
1.683595315562722305e+01
1.628047498004190174e+01
1.612448889661335016e+01
1.675240442034586508e+01
1.657989981850964867e+01
1.694163080143216504e+01
1.714266541375783959e+01
1.694556066909455794e+01
1.768922469989356827e+01
1.738532872001004392e+01
1.663715797124503837e+01
1.785391857247100234e+01
1.825017567985246814e+01
1.806755730461774334e+01
1.739800047054713161e+01
1.745022030971435711e+01
9.956376086003553283e+00
1.270141119463423962e+01
1.388853839550837677e+01
1.387433725281243468e+01
1.476028985303767271e+01
1.574741026083831485e+01
1.617831266183821981e+01
1.646894072516186469e+01
1.558281787955768216e+01
1.620721971559414243e+01
1.670113295174427037e+01
1.637679116364141763e+01
1.710236894564695831e+01
1.634277540905941351e+01
1.715444914004319799e+01
1.730180583782325243e+01
1.769004175291719250e+01
1.706311391881303763e+01
1.648794671999278094e+01
1.717623407049287465e+01
1.338483070176682332e+01
1.443896934667821341e+01
1.554646978545666869e+01
1.376851610600292197e+01
1.696343319924951487e+01
1.621813220643063147e+01
1.759778852538255478e+01
1.748374161443348385e+01
1.288742590604482174e+01
1.213426225546719017e+01
1.304377280935547390e+01
1.374001186632429317e+01
1.599858899783378341e+01
1.542957596537094211e+01
1.612720211674092852e+01
1.703609317933663903e+01
1.758191882889424562e+01
1.704605722850615379e+01
1.708412769042233847e+01
1.071763637709444694e+01
1.105012876260409627e+01
1.230202836846773984e+01
1.491151463898742691e+01
1.560881851111213159e+01
1.564171244221348012e+01
1.588796380701745470e+01
1.597903861396644487e+01
1.698640442536915884e+01
1.800170871745786627e+01
1.711173408193066692e+01
1.480705659121253781e+01
1.497889311487857356e+01
1.559906615736970892e+01
1.496181247535362147e+01
1.513915240387880878e+01
1.612057953948285416e+01
1.570055408785083273e+01
1.763171657995681585e+01
1.705933921888753702e+01
1.782232060373732807e+01
1.712462030961986059e+01
1.440400010593203461e+01
1.397625460402513298e+01
1.603898442919070177e+01
1.566145904212613793e+01
1.667132413119578871e+01
1.610191144156253529e+01
1.683645757666117504e+01
1.724392301118244930e+01
1.784777583479327490e+01
1.725483966693430204e+01
9.444751516769922972e+00
9.821683776754239759e+00
1.307762499942692358e+01
1.414752424108551310e+01
1.341644994199177532e+01
1.458563200357062861e+01
1.484392341533077797e+01
1.571092144326749818e+01
1.659771092753583233e+01
1.678759461997883307e+01
1.688452589781827839e+01
1.755028642027078689e+01
1.685730322395976089e+01
1.681285320358023583e+01
1.751369596817239227e+01
1.675724685968593519e+01
1.705152368843544863e+01
1.819211926607662733e+01
1.121024121360641246e+01
1.444309669943751473e+01
1.399853027858249099e+01
1.382245526213939968e+01
1.555621639887712249e+01
1.523973532021030231e+01
1.575584259616654315e+01
1.608828111563769880e+01
1.561403577794430575e+01
1.679432345301836804e+01
1.530880161964886099e+01
1.708237534256275580e+01
1.652570628681268516e+01
1.802945336121511133e+01
1.733469106741578614e+01
1.788945377847963414e+01
1.804239344400346567e+01
1.272008199347116530e+01
1.503993879454427862e+01
1.419403919691539784e+01
1.649702531876273071e+01
1.617995334411353525e+01
1.589455803722099603e+01
1.592945857185393699e+01
1.687225562726106887e+01
1.669247031635144651e+01
1.624743400343998445e+01
1.609106640629904206e+01
1.784939791839067169e+01
1.659125048029266480e+01
1.703700927150606503e+01
1.717751698542732441e+01
1.262092182021071807e+01
1.264829565728744853e+01
1.383047430154130097e+01
1.492400827461946733e+01
1.410618690366240990e+01
1.475575150034480743e+01
1.528132048959626133e+01
1.557667822945685643e+01
1.604636495078946012e+01
1.548690893524568324e+01
1.520408793197091413e+01
1.899647861471004262e+01
1.620906150398529988e+01
1.582582199410665247e+01
1.672245776336007239e+01
1.623136260461541269e+01
1.664721161147701167e+01
1.685035386802035973e+01
1.691106181267885944e+01
1.765638422170106026e+01
