5.723212760829800294e-03
1.256231355972395845e-02
1.394023275350843825e-02
1.056951387918181155e-02
2.125557341504331899e-02
2.005489410188272120e-02
1.581359718979922016e-02
1.105504713457271075e-02
2.296811063031941463e-02
3.457895843566669014e-02
3.661852568915947154e-02
1.718637082298777596e-01
1.855485928472858093e-02
1.462867346536014801e-02
1.911500204191232677e-02
1.171612430713382148e-02
3.520691586633916542e-02
3.707879398003700033e-01
3.907489055129776540e-02
3.553557834585367031e-02
3.849117238889778747e-01
3.576611402491594680e-03
4.272861593196154717e-03
1.145092298491993954e-02
1.469810911782122240e-02
1.122474383005398618e-02
1.863499798549801342e-02
2.262188108125793781e-02
4.831301653805424728e-02
2.641917516451049164e-02
9.616933462077131844e-02
5.421023587630832002e-02
2.927548075235114275e-02
4.576236053159315337e-02
1.598746951598981536e-03
1.091099127625691804e-03
2.400219067366101723e-03
2.230996186186308405e-03
5.490990422032833440e-03
8.346665264609226531e-03
8.342701613872805996e-03
1.290043701371045536e-02
2.863986861771522854e-02
2.619863561345103786e-02
3.121452203835127850e-02
2.236776943309711288e-02
3.364025786546585850e-02
3.330962671644160933e-02
5.102050640208734972e-02
5.088431518783622515e-02
5.148027551749754377e-02
2.898927006204438800e-03
1.195075076820730983e-02
7.457011316930011249e-03
1.508881173502110359e-02
4.180930443472817559e-02
3.869802461938667837e-02
3.537149217379159660e-02
3.351558534945676959e-02
3.212965224795667762e-02
3.824355432065374566e-02
3.507057465856348866e-02
2.642313288415558750e-02
4.393140230967323284e-02
4.158945639706251168e-02
1.724761709776402151e-03
8.165821072829581098e-03
1.766999902448614448e-02
2.157987506849703280e-02
1.243098299869992499e-02
2.421198238932787128e-01
1.809009858560675643e-02
2.489314162710572209e-02
2.884280688930087461e-02
6.717873692115286510e-02
3.018109211153107221e-02
4.354830765710981932e-02
2.728893304189051738e-01
1.557670673943644390e-01
1.029083402184447493e-01
1.364135427617059471e-01
6.889388415073730010e-02
4.559852962938414911e-01
3.447391481785064271e-02
3.072462883916756704e-01
4.365197773165155892e-01
1.748628846591581965e-01
2.079055000282819810e-01
2.885827976130186379e-01
3.690064291205315539e-01
8.243157902938641479e-04
4.698397228998208407e-03
2.706909684387438179e-03
8.395748085065542904e-03
2.006025750680273667e-02
1.206496527719630799e-02
1.358918168455723781e-02
2.895714720191101543e-01
3.196523437368512660e-02
3.168804748947612326e-02
4.245887334196893348e-02
3.071038101066764919e-02
8.045221267883902313e-04
3.395540117271356965e-03
1.382077902023382161e-02
1.006337727292305577e-02
1.230460570857353289e-02
1.010496604157159854e-02
2.694612388033491499e-02
1.628234574136586468e-02
3.508992798083546139e-02
3.332331985110160294e-02
3.624651887416354551e-02
7.223948778624924953e-03
3.702274374562077724e-03
4.532731270550372817e-03
1.113325335502442746e-02
1.220084632230761766e-02
6.402852473778228998e-03
6.189661647546117369e-03
1.337050212593565712e-02
1.610781556411167506e-02
1.895662398010351107e-02
2.499849562002999168e-02
2.132640660126688611e-02
3.165388827335768873e-02
3.074765323902863348e-02
4.242188884716868724e-02
1.739896185658454863e-03
1.475397418500829297e-03
7.414443725221014914e-03
1.725759073724856749e-02
9.302513313494808339e-03
1.554221476883425705e-02
1.404835691237125289e-02
1.410435283232936397e-02
8.158861072060825947e-03
3.234602890349293908e-02
2.332708589061480847e-02
4.260957628201568481e-02
3.852004093155983466e-02
2.593245911392548161e-02
3.344368064290201975e-02
2.896830144071623619e-02
2.371597291721642617e-02
2.649696497693039901e-02
4.031333921099337914e-02
4.651999552822690814e-02
6.199028229432995262e-04
2.405492787208359223e-03
4.764519288630038318e-03
8.023028336750122336e-03
4.546159668267997500e-03
1.384947496649496269e-02
4.237093675352747620e-03
1.763527845064484859e-02
2.603678090869858755e-02
3.648244532825832640e-03
1.333124751773775117e-02
2.375199233372486327e-02
1.819760209792896724e-02
2.173438526429391157e-02
1.828637025408978017e-02
2.663130313113734257e-02
1.860117679803907631e-02
2.169910670099984423e-02
2.745630397455857061e-02
3.403345938456985714e-02
2.064135667147389344e-02
3.002191431426000368e-02
8.890163334056788713e-03
1.534253879815681947e-02
1.568500848065724693e-02
2.115409861763591082e-02
1.072771742432118529e-02
2.221945264192966285e-02
1.839973974409473897e-02
1.691576439774527749e-02
4.086697503256526975e-02
3.303220346604898022e-02
4.918261741264369491e-02
2.743076392741130090e-02
4.261607097597095578e-02
4.308450372383221955e-02
6.061656890762349287e-02
3.192031424521458299e-02
5.454009974540530853e-02
7.047688503199443788e-02
1.809499505154973193e-03
4.116038295483219304e-03
7.286790118096372545e-03
1.038168049511696729e-02
1.574474371369173967e-02
1.618950097446680489e-02
1.786395199654530405e-02
2.630218199001610468e-02
3.660228716315821335e-02
3.854002426380524066e-02
3.675317860146067039e-02
2.626281076112713109e-02
6.229466983868404278e-02
4.284732121708102748e-02
7.591021087200486295e-02
5.692358965620504530e-02
2.777821894948160480e-03
3.961874484410391785e-03
6.237003253843584685e-03
1.427426391987946658e-02
2.110174974657781991e-02
1.832880695917436104e-02
2.802136638016532177e-02
2.119610119334730883e-02
2.303609098765824550e-02
1.624333782609329452e-02
3.226931079526394047e-02
2.434598229108861020e-02
3.044042002287584980e-02
2.665405047551672180e-02
5.429888956421753676e-02
5.366277918877157549e-02
4.029256920257542895e-02
5.652696896169771140e-02
2.692564392598377574e-03
2.904925645798933469e-03
3.777710161183223548e-03
5.671775515112403680e-03
6.853840734907371002e-03
1.166239641258648256e-02
1.625606047889674097e-02
2.960870290908928712e-02
3.121758212546018041e-01
4.019568431551474169e-02
2.469929062016739448e-03
9.004165944890837187e-03
5.554763825718197698e-03
1.346742309632013510e-02
2.068575719488539855e-02
2.662851073397885793e-02
2.760096474863658195e-02
1.911476510226228082e-02
4.482569300574188592e-02
4.731542451164221647e-02
6.100412204489009255e-02
6.267267348036134611e-02
6.197918781668767391e-02
8.002700520738323386e-02
5.944850843388175404e-02
4.087365593395126252e-04
1.003448595713261806e-03
8.093539365688394785e-03
6.639337423225831480e-03
1.055008289377552984e-02
1.100671397966919776e-02
1.040335402052652153e-02
2.389136485587718337e-02
2.118121808716767057e-02
2.062057205174320368e-02
3.690123702454298910e-02
1.991005139684021152e-02
4.625675644599872710e-02
4.825404808200262075e-02
3.063184429448811280e-02
5.121570105887059826e-02
5.473731418884545535e-02
2.649606638395312144e-02
5.101471090366516137e-02
3.036358231607381650e-02
2.302718575560621771e-03
1.847386921438015292e-02
9.029707637325324124e-03
1.888243070225245623e-02
2.186088719958497947e-02
2.635952666885644710e-02
2.224042912298292499e-02
2.460043409180732651e-02
2.957212263420161413e-02
5.011905852937518363e-02
3.645373642161978817e-02
6.112284407801851088e-02
5.265882316042796996e-02
5.385814766267638803e-02
2.935527056608202342e-03
1.087980755775986609e-02
1.689060978416249623e-02
1.015780399002408525e-02
1.052782680544238521e-02
2.789131931315633542e-02
3.850196453499160620e-02
3.329983829156808739e-02
2.147951542056091359e-02
9.021994273900350858e-02
5.264855197321235275e-02
1.925973809140677949e-03
8.908774884159170737e-03
9.989327051529769269e-03
1.573695065993673675e-02
1.645787868466026468e-02
2.335707294649293567e-02
3.401424933325597477e-02
4.670803080474648927e-02
1.758005720596267970e-03
2.846846813580392391e-03
8.017370207910635982e-03
6.005402417905938983e-03
1.774261924606972476e-02
2.171079829225549054e-02
1.942379390535908801e-02
2.854999408986398299e-02
2.251795129607895782e-02
2.544256180396506709e-02
6.331735863655497953e-02
4.483579380608355286e-02
5.809362619625040025e-02
5.876263097791710466e-02
1.513664104317201430e-03
3.637031717138035792e-03
1.004160833299576339e-02
5.621474722307868467e-03
6.434701447496762004e-03
1.580737117998962452e-02
1.239086979199378012e-02
1.983282131677386109e-02
1.400845297960873030e-02
1.914102242689089822e-02
2.859757732637174463e-02
2.191872588135838212e-02
3.800950795248223685e-02
3.199973351245827269e-02
5.396958591466934768e-02
6.377142053165221758e-02
2.351516447419157389e-03
4.472220477342885546e-03
6.754240016338295197e-03
7.161636130040225853e-03
8.659564855390818744e-03
5.255750582632005147e-03
5.918292514393581893e-03
1.302680771298294141e-02
1.669607636538221127e-02
1.859884049067388884e-02
1.763110047628327001e-02
2.944972576962733707e-02
2.476636659411064409e-02
2.270972694563983679e-02
7.163747870790233840e-02
1.695567818911218952e-02
4.180005759486209171e-02
4.471215590209733776e-02
4.926410343164665945e-02
5.243447013194404982e-02
3.839958392921007883e-03
3.038246789611316959e-03
6.238135610154679940e-03
5.571782848414199088e-03
1.593581240726092696e-02
2.493872980383715285e-02
1.941363020660331895e-02
2.070999739372117454e-02
2.084660344077492525e-02
4.214668627651505656e-02
2.637715881251574690e-02
3.651028551992879789e-02
3.343165774592200129e-02
3.983127011053170380e-02
3.778556961493559352e-02
4.057658679289283948e-02
3.189998720311021385e-02
3.334409942772289474e-03
1.239406808183036134e-02
1.171731266503064570e-02
2.639829784627017312e-02
1.983264600097145447e-02
3.682110239296426668e-02
3.401782790715002225e-02
5.417765251172457913e-02
3.134142589331800205e-02
3.032449375768820135e-02
6.224759477021330617e-02
6.055473419164045940e-02
4.853377759125824392e-02
6.269679998612424920e-02
3.287672756930155871e-02
9.744500768298951926e-03
1.880438020742883701e-02
2.875420128474679565e-02
3.090565922797298970e-02
4.289771421516834493e-02
5.173696079603591624e-02
1.068469494961357263e-01
6.396095281731370430e-02
6.563142184172628124e-02
6.983848140665625814e-02
6.653056952400071555e-02
7.286065134875449600e-02
6.346835797553110683e-03
6.533346655295734114e-03
5.349470385749248783e-03
1.083610569268952245e-02
1.419120432610807003e-02
3.093449802693323814e-02
1.400563526477998158e-02
2.931744177752410377e-02
2.649763770454284517e-02
5.027819767792385958e-02
4.240338499059945199e-02
5.830183163788119072e-02
3.811739997701318883e-02
5.993572159754417816e-02
4.415295766730438498e-02
6.790787748254899225e-02
9.781574774291559859e-02
6.009808454561162833e-02
4.363196485379903546e-03
4.685055762252302546e-03
1.041587526378102979e-02
1.485172789768275312e-02
2.622920810971956715e-02
2.305486819783461247e-02
1.126652659534642387e-02
1.029830943990851441e-02
8.718852970087009879e-03
7.311116928067231020e-03
3.279607693512559541e-02
4.964322051339361414e-02
9.410860547108079819e-04
2.091962606331859362e-02
2.964537372681884039e-02
2.221852043781780139e-02
1.914132566460416407e-02
2.682567929125793255e-02
5.404532547685424182e-02
1.386251321157766850e-03
2.880406533662820817e-03
4.512814028747222893e-03
3.510916672839797543e-03
8.444058805166460360e-03
1.270803331623544634e-02
9.132954150410616673e-03
9.201934957241081695e-03
1.931477206130644692e-02
1.326125221759574639e-02
2.217661255919023064e-02
1.930422593572690346e-02
2.875167112456945145e-02
2.613726851167885723e-02
2.569145700659218948e-02
3.010884083264340344e-02
3.020305683664491203e-02
3.683020420083240459e-02
4.416827997882034722e-03
6.242225716034614097e-03
6.357300026436578377e-03
1.125405941596283564e-02
1.086014064779017817e-02
1.366150063736313279e-02
1.851356152643315184e-02
3.232210310078693222e-02
3.299121707302789253e-02
3.289862157624360434e-02
4.038230000064537556e-02
3.495226862521692845e-02
4.738363317406814323e-02
5.740089185018971280e-02
3.018752555112147809e-02
2.796168081149482190e-02
2.832272174348709343e-02
4.451841872730849525e-02
4.291818462314839168e-04
9.042351979900619535e-03
9.924475820052916508e-03
2.050170159890537733e-02
4.447760587369135182e-02
5.057651759494137533e-02
6.083108745767255854e-02
6.257481026174351035e-02
6.267153559792578094e-04
1.396533621948535574e-03
2.508552270974914646e-03
5.501479822991641941e-03
9.737644218009896754e-03
7.393725276738549040e-03
1.316245549799298191e-02
1.606489108410749309e-02
2.004441966357708993e-02
2.617450667526070862e-02
2.753095376596738017e-02
3.911492125963103583e-02
4.025226311342793017e-02
4.041518064148826028e-02
7.559869563496218747e-03
1.016408993731808194e-02
1.376991840559931533e-02
1.201317336615853777e-02
2.606823604676179393e-02
1.586223615354932087e-02
1.876613542257384373e-02
4.431955102294710819e-02
3.910814287996746547e-02
5.433601975919023080e-02
2.720171888099948143e-02
4.295191000372464846e-02
4.020131598565382380e-02
6.762494155967262166e-02
7.250453341713160825e-03
9.587909044064214445e-03
1.231877444284250507e-02
2.706927054673768929e-02
2.218129476095853647e-02
3.021199122446224100e-02
3.597694749607747294e-02
1.352227382031088825e-02
1.925674243141848110e-02
2.788767619852404109e-02
3.129022904413548273e-02
4.196865592344806856e-02
2.819302708964296217e-02
5.637409566877847611e-02
5.614630870854135647e-02
6.219438470454068113e-02
6.999930363758240237e-02
6.508049067402098264e-02
5.070529408779106753e-03
1.267724810241207568e-02
1.290682339837756834e-02
1.534675604777101764e-02
2.143418674144701580e-02
6.963047560657556478e-02
3.510873598726847733e-02
2.324460154046169638e-02
5.593656628995685720e-02
6.375541757202514426e-02
6.258600075904649507e-02
9.938940204646418142e-02
5.684525543978798112e-02
8.748100972964154010e-02
6.764739942304613673e-02
1.935552495933282602e-01
9.246132305591352792e-04
1.447243890339790142e-03
2.763281313804130061e-03
8.543753984666726045e-03
7.882771373921463459e-03
7.414057189879537380e-02
2.163551023486079763e-02
2.188524917611993012e-02
1.769614545207769118e-02
2.342711592508936458e-02
2.032486249841399667e-02
2.505439573079413715e-02
3.370075474469433341e-02
3.568471317042740815e-02
3.668791570911980604e-02
3.276898052917607412e-02
5.518359310938108359e-02
3.903607934746492619e-02
3.833919571218852990e-02
1.721714283332832459e-04
2.268606339548170231e-03
4.408373527130553769e-03
3.227372957464504435e-03
6.725268760336690702e-03
2.084215196174849308e-02
1.277741455437816920e-02
1.044478557867469654e-02
1.470905965020799511e-02
1.425732658190728870e-02
2.193488589394522459e-02
2.489190169785090306e-02
2.463930548198312032e-02
8.041934966754892000e-03
9.379034164226226003e-03
2.191187906471431593e-02
2.816742746308124878e-02
4.234825130856241515e-02
4.306348799466663130e-02
4.651579254324416518e-02
3.570806718814614755e-02
4.572193741726706534e-02
3.667001508297797890e-02
3.222869636852645440e-03
4.419066035057556824e-03
8.373006716892127804e-03
1.341291068315244965e-02
1.289748059663147796e-02
2.407126835272770451e-02
1.643474867895564073e-02
3.102053923424425916e-02
1.724775900883174229e-02
2.914370132206581948e-02
3.292492703993337572e-02
4.325489703024360671e-02
5.361987902937148665e-02
3.631171570476330462e-02
1.433969791802346995e-02
1.259096973806405825e-02
2.931163792772544657e-02
1.869279098156233776e-01
3.450150193345534466e-02
2.537127771599582624e-02
6.060851813238201519e-02
2.016955344396390362e-02
4.820604087075468919e-02
8.353924186118450931e-03
1.347926073003158712e-02
1.773682583006366137e-02
1.067175424499497947e-02
1.156751321623578944e-02
4.233922715661595643e-02
3.316936937313097467e-02
3.526224575293448321e-02
2.495899259624198216e-02
3.485774307676064304e-02
5.218621620559765750e-02
3.923042366941645320e-02
5.721467885168543543e-02
6.002574319918348861e-02
6.140938057284429236e-02
4.851726595778110113e-04
1.110269136521091406e-03
7.795265108900101617e-03
7.633564412357294812e-03
1.646156010615693402e-02
2.241266531580200783e-02
2.017309626622840885e-02
1.779939283706329783e-02
2.237442391427878902e-02
2.621025445738835516e-02
2.055734068217622557e-02
2.623990287597038201e-02
1.151475618177043650e-02
4.192626893630497370e-02
2.029560988730650870e-02
5.747468167532021610e-02
1.203978696784890542e-02
1.489409267121759133e-02
2.911238664768249496e-02
4.345240612956528109e-02
2.344983306382041055e-02
5.041401899111101065e-02
5.818235547736994723e-02
4.765547207291742637e-02
4.012876373668404495e-02
5.540670937215103758e-02
6.547605764283745411e-02
4.262039702787211864e-02
5.503629636689268828e-02
6.455007653529823419e-02
6.650273829140464221e-02
5.604589236275437508e-02
5.513702771702209265e-02
6.660892748479982362e-02
3.066277757179729137e-03
2.008218000309963842e-03
7.371847834881629057e-03
1.574769844763684867e-02
8.792002021994534816e-03
2.025376939683984009e-02
1.850229602616870403e-02
2.922032256983838477e-02
4.283746355494841979e-02
5.678921652831284833e-02
4.331197882139689592e-02
6.577459415374214968e-02
4.011967784280404820e-02
5.982048380591777764e-02
7.182579345405960911e-04
2.069787790410568609e-03
1.477579888249640552e-02
1.698844337813487648e-02
2.542940228442732223e-02
3.482847352897276705e-02
3.516424680636127259e-02
3.339718086949834686e-02
3.790991575062411384e-02
2.607298675683998590e-02
5.200763848337421058e-02
8.218955030165456255e-02
8.302204841531794777e-02
5.310112062320067328e-02
7.188911719366537778e-02
3.201551421782279205e-03
5.984156504279037822e-03
1.033796010563166161e-02
1.216973167356270348e-02
1.897405927833782993e-02
1.291386749979554251e-02
2.542917351502549730e-02
1.794380578585539135e-02
2.295569986450494634e-02
5.274482603440155959e-02
4.834701302444037452e-02
3.230018377336719981e-02
4.930483040153986474e-02
3.350641683405577304e-02
2.825342895632846144e-02
6.211612700159078321e-02
5.609428310286808383e-02
4.775095083943511898e-02
5.997789558510530084e-02
3.720793267860672549e-02
6.318350219007734525e-02
6.390165319205809435e-02
4.280919941636841634e-03
5.631030486481935007e-03
2.889639348416019396e-03
1.424148128984536500e-02
7.927326451207729330e-03
7.995835809906787217e-03
8.482871865579661233e-03
1.067459461430768537e-02
2.410705217512582044e-02
1.469214176673224077e-02
2.046310599816290529e-02
2.609626766203296602e-02
2.025649224281938707e-02
2.635586367737439636e-02
2.685148028049150204e-02
6.996209150022798806e-02
4.452078744798661919e-02
3.327774227601519585e-02
4.843278284584236204e-02
4.731664669635580328e-02
5.335102062517160099e-02
5.409457632136174116e-02
7.814077380728283451e-02
5.044434666658834110e-02
3.639433260421611610e-02
5.915955166258466541e-02
5.328780869188390508e-03
6.349534934495571631e-03
6.932533201284465929e-03
1.095036094617862256e-02
1.320725741292425037e-02
1.632066136011376539e-02
1.391648603972982581e-02
2.692042717617119246e-02
2.237888291925953926e-02
2.173805905827349422e-02
2.014860088610203812e-02
3.979498083787325058e-02
3.166967931100726774e-02
3.065451878070409031e-02
5.554744842503052393e-02
3.133917798003291177e-02
7.071978442892978833e-02
5.531583014090507566e-02
7.888848134038378701e-02
1.204176049036344981e-02
1.407299925755536169e-02
7.239709857323641320e-03
1.227558619447830825e-02
1.748038709639991931e-02
1.938585049513654943e-02
1.128401617468828035e-02
1.621328064997676691e-02
4.101455896689018554e-02
2.950688078725056951e-02
1.042080665676227078e-02
2.683010706934041770e-02
4.447867467835880245e-02
3.714865662431475479e-02
3.445363240341382804e-02
3.332586123284621976e-02
1.865822770843278411e-02
9.017185866263094374e-02
9.088542928978522381e-03
1.647653032139969123e-02
1.161820969352894521e-02
1.910509757626755248e-02
2.865567159311636913e-02
5.553183272728414582e-02
3.154340316397988286e-02
2.024193738020162517e-02
1.985805735003960681e-02
3.073549038991924345e-02
3.261949493866242444e-02
5.246023517283415066e-02
3.667275125450425444e-02
5.829056406155938563e-02
4.077858026936918693e-04
8.286971867250326638e-04
7.151792019648434487e-03
1.352795034232531259e-02
2.575959090627337120e-02
3.162864769461612435e-02
2.519828757513876277e-02
6.423498049457022907e-02
3.353158628181853590e-02
3.925907878486883246e-02
4.060466973986573413e-02
2.948153920243618692e-02
2.752492467938678911e-02
3.029975406857482803e-02
4.998668794883089767e-02
4.861471700007024416e-02
7.528179284181835129e-02
5.469772845733305352e-04
1.366593965719350556e-03
2.260063013349388091e-03
5.064506471363850598e-03
1.482259601504925736e-02
1.910677524254255147e-02
1.287353859520159322e-02
2.462564946841662092e-02
1.895115375747751310e-02
2.308926478443311739e-02
3.630675222309799610e-02
3.582692598026299829e-02
2.606245679240118407e-02
4.115174999613354506e-02
4.924822522485478721e-02
5.800030051013452259e-02
5.583763747475064404e-02
1.018022317595998760e-01
9.094728083435062171e-02
2.176318237483772667e-03
6.291673078229542866e-03
6.563570752096504340e-03
8.403415771105341922e-03
8.021422549259457635e-03
1.007409413210929965e-02
9.927271612619923205e-03
2.400358612038233294e-02
1.678669577305527336e-02
1.670978140487497030e-02
1.678711594642596713e-02
4.782250323152435062e-02
3.112782353986980402e-02
5.134412340771066924e-02
5.299606862209459146e-02
2.858064551153766467e-02
1.012999881311811151e-01
6.693574758099207767e-02
2.105504599774775647e-03
5.812022600549748841e-03
1.056030629643274835e-02
1.681519475988900794e-02
1.500985534328537312e-02
2.445780858704492411e-02
2.900693728491511927e-02
4.472052366789471683e-02
5.097957579347576346e-02
3.564308534331603329e-02
4.293837380715381097e-02
4.819292416275910290e-02
4.686370061328104519e-02
5.975992992019299455e-02
5.792117634738051801e-02
5.982482254412475192e-02
6.045200278708781627e-02
6.755993609874834382e-02
5.833191168656558928e-02
2.819191962910316557e-03
7.853324236162492408e-03
1.247072115569789960e-02
1.486273134294002762e-02
1.512696648658532449e-02
6.888086988237188124e-02
3.562408616093677011e-02
3.962555742088216121e-02
4.402346280363714920e-02
5.651152739494003097e-02
3.296462767788879006e-02
5.549197548844738564e-02
6.234511891238170289e-02
4.024877127484370598e-02
7.333694650292238437e-02
7.391991313927902263e-02
8.444384976889865446e-02
4.995172065846697866e-03
1.341939083897568559e-02
1.075306212705220976e-02
9.322106868728235324e-03
1.881299548459781229e-02
1.652549902319557298e-02
2.013656587412126012e-02
2.793753274078744631e-02
2.598797489712727574e-02
4.123953994546124963e-02
5.468284806595349878e-02
3.546992374996806724e-02
3.610626524212606769e-02
4.329223508165858797e-02
6.353855256308155175e-02
8.032561312193178815e-02
5.565103380075659550e-02
3.749129649176034806e-02
5.546542899454649095e-02
4.006768307897822651e-02
4.868611685804674627e-02
9.002437191977373521e-02
5.847643824135081991e-02
6.300219230827705519e-02
3.613576181357271936e-03
3.421137427878740127e-03
3.130305746659841921e-03
5.546032903746886573e-03
1.467299309266123682e-02
1.141425978675960316e-02
2.676454601266009189e-02
1.451593626583072907e-02
2.416753786570079165e-02
2.795306525148305576e-02
2.423785606441524257e-02
3.587556595132020132e-02
2.474456349838188157e-02
5.459650049770562591e-02
4.749831256090091686e-02
5.733565113316657635e-02
1.822388227745198603e-04
5.511658493487841745e-03
6.282804879303912141e-03
9.076798143262473570e-03
1.319806883781666877e-02
1.647492103006649097e-02
1.907753736153612947e-02
3.688482668257667130e-02
4.534913770844298947e-02
3.391614560185627486e-02
5.348025398247654300e-02
5.157690087166783705e-02
3.124195770601050082e-02
3.600624263974520206e-02
4.989524911303877541e-02
3.912770948706577323e-02
5.843481335782634012e-02
1.251212014054894212e-03
1.925495125897688699e-03
7.059990142890702237e-03
1.080362607349704719e-02
1.906196759960945494e-02
1.321977630312670335e-02
2.435489053800796860e-02
2.381885713741976190e-02
3.418360137462132797e-02
2.533927054478391297e-02
2.026520733840301777e-02
3.339432987193186042e-02
4.595691012935145675e-02
4.150412190435859988e-02
2.690221533306467669e-02
3.171318057812694269e-02
4.069730537866307618e-03
5.005246214308083086e-03
5.760181410818810029e-03
1.107290077956706725e-02
7.088188145256109698e-03
2.907115302976021401e-02
2.904809919694227235e-02
2.308590321394082823e-02
3.467380346298162136e-02
4.375550961337727751e-02
1.780798209266272383e-03
4.612543679636065506e-03
5.008888315310162931e-03
1.817461582642875689e-02
1.200420743769720598e-02
2.091504815429533898e-02
3.345640402860253215e-02
2.596843617323233572e-02
3.248229140662089315e-02
3.582706712257103382e-02
3.931041750027849946e-02
2.485632808816357064e-02
1.105959437301833881e-01
5.957140593383810495e-02
6.179296647533782244e-02
6.248096406912928558e-02
2.922523779671319915e-03
4.532430940421337644e-03
8.840422903672581767e-03
1.167982510017397287e-02
1.492728901463915431e-02
1.163589651744235953e-02
2.035050566150721496e-02
2.801339306855846201e-02
5.277848504451562034e-02
1.803357846427588312e-02
2.561641011765605769e-02
2.641390314081980620e-02
3.880979176112845513e-02
3.071681762431064180e-02
3.628441514301088133e-02
3.501136719497607852e-02
5.510996792193052080e-02
7.805213881401715237e-02
5.378524778969172304e-02
5.390857123220301611e-02
5.869713139005358626e-02
5.519671944083431175e-02
3.126210482371109128e-02
8.942759751363733812e-04
1.837296330233750483e-03
1.179192005801505457e-03
5.150570513246436818e-03
1.579972223858144842e-02
5.842758245348946868e-03
1.630987473596222717e-02
9.024200547182803858e-03
1.401804231609708566e-02
9.207309020623751297e-03
1.328888884184936149e-02
2.393422799112272098e-02
2.566582195972630376e-02
3.024544945096303145e-02
2.185070879023235518e-02
7.716173814230459227e-02
5.087568574824109791e-02
4.467916374173781097e-02
3.787225751743926450e-02
2.496072296958867093e-02
3.811305900132762325e-02
5.828140319461826840e-02
5.983182999226917959e-02
3.731956589484768799e-02
2.066882321950591975e-03
4.004657610302744114e-03
3.754385855481716123e-03
6.999507564662704046e-03
6.589608886162160416e-03
9.793097995516978488e-03
1.160411667373481039e-02
1.297947467351119946e-02
2.736856710000742932e-02
3.107630577302418831e-02
3.549614278461578343e-02
2.129197511714593649e-02
5.116537012859061206e-02
5.158709298336148358e-02
3.097690430683404470e-03
4.329024319842760676e-03
7.586472178706682619e-03
1.004859603299144456e-02
1.320994172328854820e-02
1.732229487743031093e-02
2.533131567694474340e-02
2.954121115354413699e-02
2.993884266541350925e-02
1.769331882694704858e-02
4.424747472722149327e-02
4.371440918129123471e-02
4.481282188080603496e-02
5.219300072822764813e-02
5.738484458804966881e-02
1.554068367946255741e-03
1.005624985951789410e-02
6.316421039192002956e-03
1.251753870440225520e-02
1.443975587900993111e-02
1.649186011036771898e-02
2.905019681257803993e-02
4.235750161545222964e-02
4.394477545560967341e-02
4.717161178261947141e-02
3.724569832970342498e-02
5.089143268170024520e-02
5.560844281391848221e-02
4.817069467743979178e-02
4.961110971653070328e-02
5.799922038495725074e-02
3.986411054861930398e-02
7.429562157590345085e-03
7.966227158806009345e-03
6.702915593318945452e-03
1.356808404101375078e-02
6.222082329697370406e-03
1.165518991484310041e-02
1.427946456014107107e-02
1.744089387665233651e-02
3.968311668160699052e-02
3.361355555470802586e-02
3.961296776397433411e-02
2.918735312082937003e-02
3.081330796781290432e-02
9.322450291334880013e-02
3.857885598655563103e-02
4.655204071845595037e-02
4.181656293424677179e-02
5.068309077671713514e-02
4.789205811280907582e-02
3.854845373059543473e-02
4.563454812139854100e-02
4.301709729860411086e-02
8.300395288625794787e-02
4.699515832542739552e-02
2.411843813722917059e-03
4.694398019542078693e-03
4.176880019022174463e-03
7.579511846489068658e-03
1.071216581083594618e-02
1.002026587283700448e-02
1.622969584161963394e-02
1.345532162753646128e-02
1.237225807090353534e-02
2.201417947990806645e-02
1.419669601393635378e-02
2.267673467109716789e-02
2.561915827448359509e-02
2.609349353715793504e-02
2.758503547441036943e-02
2.200310742535492234e-02
8.385974729317914600e-02
3.752496816225285581e-02
2.596408918774106844e-02
3.717430302196417236e-02
5.726728843661947621e-02
4.446034423647773209e-02
4.399913074358974968e-02
3.626227967337476016e-02
4.122382864087598305e-03
2.327039892766644136e-02
4.213292877782054413e-02
1.913450490367077025e-02
2.942994676825894454e-02
3.085788867890533124e-02
2.793143784960346390e-02
4.280325438650420256e-02
6.150787036797849411e-02
5.338929548826142069e-02
5.261023480951644571e-02
5.520178516302341049e-02
5.601036802628642230e-02
3.345351124859488514e-03
7.021935398301894921e-03
8.028200071630986825e-03
5.944851018352232189e-03
1.966145129708550543e-02
2.379064216642179722e-02
2.884599103478415263e-02
4.983952171398148279e-02
3.195814782144722893e-02
6.147237348918464274e-03
5.332071322463583472e-03
7.669018224414208239e-03
8.883052803135331466e-03
1.684658277187516331e-02
1.010015164261959981e-02
1.266388102139755049e-02
2.367834555872763008e-02
1.610952602282023777e-02
2.553451917996818130e-02
1.459218647031325887e-02
2.015744734570973709e-02
2.245077946642425396e-02
3.233448501510333140e-02
7.457295725239350415e-02
3.783164145536621614e-02
3.694585259560363710e-02
3.532607593319733730e-02
5.728134483041462388e-02
6.630690585643651824e-02
4.085210353808317423e-03
6.810877614197149640e-03
1.016781933601305400e-02
1.573513936999897805e-02
2.561507188251087308e-02
2.399189326288969290e-02
3.043632151827266666e-02
2.197188406995541007e-02
3.662873704849683998e-02
4.600059186191254174e-02
4.718562988715454404e-02
2.684863061305587523e-02
3.117503723827302897e-02
4.560114881534391845e-02
5.481842985007884944e-02
4.016091009637655362e-02
6.155091969526823442e-02
6.033940401340406878e-02
6.587940607660587589e-02
1.112987118846016322e-03
3.891272926301697545e-03
1.080545125228106994e-02
5.705221173368284042e-03
1.066016801584348216e-02
1.755218213729997298e-02
2.492789241183878540e-02
2.010358164200233902e-02
3.254035757649220706e-02
4.075447509615622022e-02
4.415569671642548960e-02
5.384633837193792544e-02
5.397546260703929566e-02
5.445718036158683079e-02
4.384786500435224749e-02
4.107194191997552007e-02
4.805941834671847990e-02
6.176106471907129303e-02
5.180092308418476205e-02
7.919937640925589495e-02
5.984122696381407105e-03
4.979513670879722950e-03
2.886389284782585676e-02
4.158668516084329525e-02
2.935610880236094386e-02
3.594526589126271349e-02
5.465067923902842354e-04
1.013614721306288274e-03
5.223366353820756668e-03
2.757606482260527292e-02
1.711891498682943311e-02
2.196388074302545526e-03
2.138183596302781209e-02
1.368935966532716653e-02
3.259441350061081238e-02
2.278143867202861092e-02
3.358073647434554193e-02
2.922445104392866824e-02
4.046236733281025066e-02
2.276454349153018801e-03
3.487643199400545027e-03
6.612717156371624577e-03
4.652807062932850027e-03
9.192103086278826177e-03
1.593248644617320867e-02
1.590941065149642161e-02
2.059206138245278303e-02
1.710021553654757220e-02
2.447027519740539031e-02
1.851913527940832541e-02
2.500477981033712507e-02
1.545489617353514554e-02
2.662350361732988835e-02
2.482708381832495620e-02
2.717785197239134046e-02
2.986558216525895398e-02
2.323100585741306665e-02
5.342415428150076168e-02
5.099352006458801601e-02
2.869446430378471205e-02
1.827427065684099905e-01
5.230003534879987953e-02
5.965156530489628545e-02
5.898304957131124404e-02
8.588161793520654452e-02
4.146297214416689442e-02
8.960184545931761113e-02
1.279526177933282705e-03
6.583666806342845963e-03
4.668527680608209988e-03
1.401163005659357419e-02
5.617308316645952190e-03
2.491922515509033959e-02
3.311558428368777812e-02
2.861387007645945987e-02
2.386412833010917098e-02
3.134753273040046667e-02
8.493244588246338933e-02
6.672494772463631596e-02
3.875513372844988091e-02
4.326102674060349623e-02
4.013852163652242844e-02
4.657826034787791725e-02
9.110459669188301912e-02
8.815158244369295654e-03
5.767319494627305698e-02
5.117324640573367054e-04
1.541198502173945790e-03
3.172448189085798256e-03
1.071528299997998555e-02
7.950010950714859678e-03
1.391232727915945114e-02
1.531351147998127708e-02
1.487699061211248536e-02
8.974359026821351892e-03
1.684234667429046484e-02
1.179519476997561295e-02
2.117296412736071123e-02
3.203907670048295603e-02
3.644610674002107115e-02
3.503805983095525933e-02
2.672523991959598402e-02
5.434551343162946635e-02
5.667064805795939131e-02
3.339555806645267549e-02
4.221932017850384133e-02
6.871782351632489683e-02
4.837167501685008669e-02
1.057760953154756114e-02
1.759071863659231530e-02
2.234568297483550264e-02
1.692519470037439841e-02
2.609560406837034552e-02
3.390085432690383843e-02
4.263920266188664376e-02
3.187425303077386779e-02
5.150550425274126598e-02
2.283774168550803674e-01
5.220592000717679676e-02
5.628245413793217522e-02
1.213932749320559973e-01
1.191133927692332589e-01
9.579557761346962907e-02
8.213727452062930586e-04
1.807737166304327747e-03
1.990776824078228924e-03
2.896637892133270119e-03
1.639609689548012991e-02
2.873307815293855635e-02
3.133806110683684532e-02
3.220079731923419786e-02
3.062743258222334550e-02
5.490049401251482358e-02
5.187167866011842265e-02
5.654900618360509529e-02
6.251320315693151275e-02
4.783358691560009313e-02
2.974053819089707631e-02
6.016548637765951890e-02
1.105085199542870950e-03
3.842587323568467331e-03
1.776078107649177451e-02
1.092193628442216652e-02
1.009501474667207771e-02
1.193064803187235401e-02
2.006332434163179967e-02
9.490053112835072913e-03
2.055806538502005440e-02
3.222470496264603912e-02
1.372653499287977870e-02
2.919291880480070350e-02
2.856058395701059280e-02
2.217275217410313512e-02
2.915688926708926917e-02
5.147308295131966527e-02
5.403863093392442113e-02
4.404720477159147773e-02
6.532388291463886443e-02
5.882215743848320062e-04
2.475771382471373891e-03
1.364881115264390300e-02
1.653140528429409423e-02
2.256741852571587242e-02
2.005549352206795546e-02
2.255813476329616291e-02
1.721181348648187850e-02
2.051146965946713460e-02
2.691827159375699899e-02
2.966985039913760600e-02
4.824341699305583625e-02
2.745761904533929043e-02
4.643230894208357634e-02
4.884367006918369919e-02
3.903216902678228323e-02
3.578439365016059664e-02
4.314200749732001461e-02
7.798022858746066210e-02
6.075915572055552716e-02
8.271800768669942960e-02
3.820507768347278493e-03
4.331630459582559017e-03
2.178689283301782353e-02
1.781224986451188791e-02
1.644399077921272420e-02
2.894270372926375373e-02
2.890246145059181815e-02
3.934702988570690924e-02
5.151206405906699065e-02
6.468458600689971916e-02
3.879648692879301974e-02
4.227226848922425312e-02
4.503392824490208557e-02
3.928888509213790403e-02
5.258332434100155411e-02
8.751092842907463865e-02
3.662531020695619643e-02
2.613824329789754802e-03
6.453050146068549722e-03
1.262022114154044868e-02
1.370871875439706039e-02
1.216863728570912254e-02
2.655299406252224770e-02
2.499276559595409522e-02
1.927382679972880486e-02
2.973588684852182529e-02
2.113974368990322733e-02
1.936351543508706488e-02
3.696607383084572068e-02
8.191814419940640635e-02
5.534686160479397599e-02
4.484094160290690717e-02
5.257624861439815639e-02
3.727158440836904688e-03
2.725536925659224376e-03
6.349821203949394116e-03
1.512596127273268046e-02
1.765826495145342637e-02
2.554772140389996796e-02
2.582443647237153000e-02
1.468590341965584668e-02
1.029185844467046806e-02
3.167391436238196911e-02
3.488517520818142786e-02
4.541142584040912256e-02
4.706496785529586113e-02
2.898472485421616646e-02
8.974776640952014661e-02
4.472192873256611301e-02
5.898931439226280660e-02
6.363832870680585785e-02
6.995839637827025795e-03
1.262605984582074702e-02
1.672059762462201754e-02
2.065566101449086214e-02
2.993803999270737773e-02
4.626221390295955083e-02
4.143909481293184260e-02
3.568797239807860316e-02
4.802761918396059732e-02
5.844171858181716056e-02
5.999020068135922645e-02
1.038554125314494481e-01
4.158409174607584358e-02
6.558356553465866101e-02
7.175392787575818332e-02
2.632599911432904199e-03
2.888992203214636473e-03
5.531919179880945801e-03
1.245052076026301191e-02
1.045820644441330244e-02
6.877117682419283708e-03
1.604549260266298696e-02
1.718103218235256940e-02
2.790495074777985668e-02
1.593346115179275838e-02
3.285937502132188492e-02
3.057007597853903316e-02
1.685487149772310969e-02
3.163096175804094162e-02
4.827364977973386262e-02
2.710998025543273626e-02
2.733577435361363855e-02
8.050985464201433628e-02
5.277030254651040447e-02
3.250659138432806378e-02
1.755259779074010498e-04
1.646168918089670197e-02
2.727264817517960089e-03
3.063455698073299163e-02
2.821133114456984229e-03
1.163539407407560011e-02
1.118179573801309813e-02
1.228108534444470254e-02
2.710238446565465739e-02
2.298779162880697571e-02
4.457287333674053720e-02
6.206226894566419872e-04
1.118424915376392374e-02
2.790743557920477222e-02
3.342012345102295806e-02
3.486214723720973407e-02
4.702837474190934425e-02
3.868763416554580475e-02
4.149535043952243263e-02
2.040391978534865673e-04
1.857332534912994708e-03
2.891465539559843166e-03
3.133269718729366545e-03
3.060897924478432099e-03
7.545720053492608465e-03
6.364480835533518725e-03
4.149426157478717896e-03
2.349759487519336582e-02
1.422388312108801428e-02
2.560891207086528690e-02
5.241021391293931853e-02
1.637249542369038913e-02
2.106593956955138403e-02
1.953469855452037024e-02
5.543081462494539591e-02
5.464340017322286136e-02
4.352151828805794070e-02
5.276451759087382593e-02
2.752375199103049633e-03
4.611797822837317325e-03
4.231711049799649627e-02
3.983210805426741496e-02
4.920330987035975712e-02
3.123200043520722724e-02
4.590317646273709556e-02
2.903989475954199886e-02
3.615515428188263020e-02
2.914599641973777272e-02
6.939877392874303774e-02
6.553177709600836731e-02
4.655312062327084111e-02
5.545099601200238759e-02
1.028858765416755389e-01
6.846765397789290886e-02
6.998620161753855984e-02
1.171075834091745010e-01
9.558859765698136252e-03
8.608014342569195870e-03
1.075457711593462429e-02
2.667940359172303252e-02
5.396836583657924069e-02
6.160893468494434838e-02
5.681667698769381214e-02
6.448816714448935006e-02
5.842308082938233588e-02
1.318319253995697271e-01
1.559271727008458286e-01
6.976159729458560402e-03
7.471179267791691267e-03
1.305524305107748535e-02
1.648072487068632033e-02
1.121834480129785434e-02
1.637377773009626378e-02
2.197985783207706198e-02
4.596574012775789253e-02
3.579801094046743126e-02
2.536555987347770616e-02
3.280481962318249067e-02
2.440990257738432853e-02
6.169986636460562252e-02
1.089158345818892065e-01
2.576274209123023185e-04
7.780457711346082904e-03
1.184399816704887788e-02
2.505222739134270460e-02
3.053679880625387658e-02
3.766477632868964198e-02
3.630357956747878867e-02
5.015921222607905294e-02
4.478640442025929452e-02
5.800748737855267179e-02
5.779928567902771486e-02
6.653044298772557708e-02
7.171143744284488863e-02
1.028426559772733367e-01
1.481895907353962538e-02
2.207961522308308708e-02
1.229316426968327970e-02
1.752858804909226964e-02
1.871744551769519496e-02
4.700250388050539879e-02
3.284282483245923312e-02
5.295194029346151493e-02
5.535292989583476264e-02
5.190181833596186484e-02
5.972347788003960073e-02
5.593855821552672081e-02
3.030951741959518608e-02
7.563299214285225391e-02
6.135690447634153943e-02
4.193825082409508020e-02
6.401648386913653954e-02
8.373065003234926584e-02
5.262415058433308861e-03
8.766677970304642686e-03
5.271244942766056645e-03
1.222490295475755877e-02
1.345373603894160601e-02
1.262765330311357154e-02
1.651000390705436791e-02
2.327572223036615540e-02
2.881140975829693876e-02
2.333171243848785811e-02
3.660725335938983666e-02
2.304453986032967833e-02
4.695439069773830326e-02
3.859717942087486503e-02
6.096205173422895168e-02
5.396846495124141274e-02
6.505407267913158875e-02
6.729581946155480110e-02
7.861677371978957260e-03
1.020204431462515791e-02
1.864703916827302813e-02
2.194467194126419399e-02
4.381013601268429064e-02
3.078241717164481930e-02
2.789188023655072776e-02
4.153731184402643939e-02
3.721900094497176958e-02
4.686883331407941389e-02
5.330739688815940014e-02
4.698671541397747564e-02
7.583141476172776396e-02
6.230746592488962260e-02
3.859887612702669196e-02
8.439443363451161473e-02
1.093574086933033068e-01
9.701753152888963061e-02
6.281838296585627590e-02
6.496984461706406533e-02
6.014131020742087552e-04
3.307780124930753858e-03
6.898382470485103779e-03
6.837897976878917067e-03
1.185901201463513722e-02
2.199350204840126374e-02
2.885658240918342540e-02
3.468688748995130827e-02
1.983323457491604352e-02
2.938868038782770434e-02
4.020273594953310825e-02
3.271826807406399279e-02
5.194766268519111080e-02
3.202076847822301481e-02
5.371189376331279852e-02
5.904525177368689232e-02
7.587160207279537716e-02
5.065733452059861808e-02
3.510776033795175860e-02
5.446803180183757559e-02
5.048973895044100470e-03
9.709197699121124847e-03
1.938600098805993988e-02
6.403677932886143315e-03
4.752668007883308066e-02
2.959214334993715001e-02
7.147014790948547081e-02
6.639083255657089733e-02
3.711195463621032222e-03
2.328868400775227238e-03
4.088135716503474293e-03
6.291532041953535118e-03
2.576172655215775570e-02
1.801597180935377018e-02
2.793971346836872024e-02
4.978832903094049939e-02
7.073999335999840710e-02
5.010698303469693360e-02
5.134391561305023943e-02
9.672142587327056023e-04
1.189341220797892782e-03
2.583634844449555438e-03
1.303157100940925336e-02
2.015957287477392751e-02
2.058026555728389995e-02
2.402712095436209533e-02
2.544614397974047371e-02
4.823005654115802149e-02
9.293057003479947287e-02
5.226045912709215840e-02
1.220975765173946438e-02
1.359115574211449372e-02
2.003653450200459235e-02
1.344703752006772349e-02
1.502195388262903865e-02
2.782310633780696318e-02
2.135521513731471199e-02
7.305737709253817824e-02
5.053500716743019455e-02
8.267721742832610798e-02
5.269402839143994682e-02
9.500366655667539031e-03
7.284100819225181565e-03
2.642648840396727775e-02
2.083708917058580898e-02
3.944710047396621233e-02
2.749707228961377828e-02
4.382423868248930959e-02
5.688809481307113142e-02
8.405773422759010849e-02
5.728863543773293071e-02
4.362064742372545731e-04
5.527430715171863414e-04
4.174674270836260283e-03
8.100994307745445697e-03
5.148796450708851939e-03
1.063676132063775918e-02
1.249363898661076319e-02
2.149479904264739796e-02
3.764273725575202623e-02
4.247950231291810347e-02
4.518973371902054725e-02
6.930748837176871346e-02
4.441113495293786545e-02
4.316926633283631881e-02
6.768773195484081850e-02
4.166568274494595464e-02
5.028269179912584624e-02
1.052667793276847452e-01
1.313662982194278546e-03
9.734149435406012560e-03
7.385465791315755889e-03
6.621426629740745362e-03
1.950490976318829117e-02
1.599703155444778813e-02
2.211041425595646620e-02
2.726148525342374576e-02
2.022571043117325426e-02
4.266214235108372471e-02
1.670352982832037578e-02
5.128629756374667586e-02
3.595948299378503438e-02
9.463035884973604317e-02
6.030815123002703643e-02
8.636980431387368540e-02
9.543413401816468189e-02
3.346207120100568727e-03
1.411913842951116778e-02
8.338386530145095940e-03
3.531063859711606329e-02
2.888651792200238461e-02
2.412710287348316177e-02
2.466336692102393327e-02
4.483707135434322061e-02
3.998162733118398871e-02
3.014561876364215548e-02
2.730945838733192868e-02
8.414650950749957836e-02
3.748847175191099418e-02
4.981753889662542123e-02
5.451290068407828315e-02
3.147111143972634341e-03
3.200858132330164623e-03
6.654428997380033156e-03
1.313354115509314524e-02
7.895748079613830461e-03
1.182552199607852725e-02
1.641870190340656913e-02
1.975696163900116098e-02
2.654982164680435436e-02
1.867518972508574668e-02
1.564432104197050269e-02
1.795187912741896541e-01
2.942292002683438365e-02
2.310539806941848753e-02
4.075239293512740446e-02
2.984075338958062928e-02
3.884651465527302894e-02
4.421458958473507839e-02
4.596217427167492015e-02
7.423420929913293609e-02
